Summary of qlearning_JSD1
--alpha--
a0.0: 0.0270073595529
a0.1: 0.0587808263378
a0.2: 0.0591499532119
a0.3: 0.0589540541179
a0.4: 0.0588197344114
a0.5: 0.0584983457865
a0.6: 0.0585530341645
a0.7: 0.0582375019496
a0.8: 0.0576557386331
a0.9: 0.0578699003977
a1.0: 0.0564930881222

--epsilon--
e0.0: 0.0734551015819
e0.1: 0.0696496611364
e0.2: 0.0684925065906
e0.3: 0.066343801722
e0.4: 0.0637653364573
e0.5: 0.0589434613649
e0.6: 0.052419961203
e0.7: 0.0434682907257
e0.8: 0.0330267888644
e0.9: 0.0249983055224

--gamma--
g0.0: 0.0336585573282
g0.1: 0.0587634416785
g0.2: 0.0585444552833
g0.3: 0.0580459234892
g0.4: 0.0584482045453
g0.5: 0.058429114289
g0.6: 0.0582600022088
g0.7: 0.0577790064134
g0.8: 0.0582834036295
g0.9: 0.0587713419477
g1.0: 0.0510360858726
