Summary of qlearning_JSD
--alpha--
a0.0: 0.0269582560789
a0.1: 0.0563269012947
a0.2: 0.0563161871497
a0.3: 0.0561527825497
a0.4: 0.0561732803242
a0.5: 0.0557439543995
a0.6: 0.0555880395206
a0.7: 0.0556530488487
a0.8: 0.0551331475444
a0.9: 0.0549582981139
a1.0: 0.0537535340193

--epsilon--
e0.0: 0.0739818256688
e0.1: 0.0700681373569
e0.2: 0.0684533964984
e0.3: 0.0669390251888
e0.4: 0.0637321227994
e0.5: 0.0590121607535
e0.6: 0.0523618951689
e0.7: 0.0432332496634
e0.8: 0.0330685077165
e0.9: 0.0249480945443
e1.0: 0.0269590144848

--gamma--
g0.0: 0.0330761025895
g0.1: 0.0552724874839
g0.2: 0.0558947708093
g0.3: 0.0558288478687
g0.4: 0.0556393677419
g0.5: 0.0554987737772
g0.6: 0.0556544969274
g0.7: 0.0556016475016
g0.8: 0.0555167190667
g0.9: 0.0557725576789
g1.0: 0.0490016583987
