Summary of sarsa_JSD
--alpha--
a0.0: 0.0269362669073
a0.1: 0.0785542940086
a0.2: 0.0785262917672
a0.3: 0.0790872259496
a0.4: 0.0785387048628
a0.5: 0.0787132636721
a0.6: 0.0786442977586
a0.7: 0.0780103530158
a0.8: 0.0785519029653
a0.9: 0.0790794674597
a1.0: 0.0784168462566

--epsilon--
e0.0: 0.0740931934227
e0.1: 0.0730147260071
e0.2: 0.0743520925371
e0.3: 0.0743026940413
e0.4: 0.0737547789491
e0.5: 0.0733010238113
e0.6: 0.0740275869255
e0.7: 0.0740301951707
e0.8: 0.0741730697437
e0.9: 0.074095107231

--gamma--
g0.0: 0.0385546747222
g0.1: 0.0775347794931
g0.2: 0.0771959269921
g0.3: 0.0775566210331
g0.4: 0.0784222131413
g0.5: 0.0773089410083
g0.6: 0.0777868379903
g0.7: 0.0772040767855
g0.8: 0.0772087184974
g0.9: 0.0770411724573
g1.0: 0.077244952503
