Summary of sarsa_JSD1
--alpha--
a0.0: 0.0270073831207
a0.1: 0.0784532137178
a0.2: 0.0782611349653
a0.3: 0.0788487550662
a0.4: 0.0785518269942
a0.5: 0.0795441176903
a0.6: 0.0789882649438
a0.7: 0.0782169460024
a0.8: 0.078663210709
a0.9: 0.0788942465357
a1.0: 0.0784419045598

--epsilon--
e0.0: 0.0744886584028
e0.1: 0.0742051691548
e0.2: 0.0733749302976
e0.3: 0.0736970663914
e0.4: 0.0738306462986
e0.5: 0.0738060625152
e0.6: 0.0737347284617
e0.7: 0.0743343825405
e0.8: 0.0742144127287
e0.9: 0.0741966743953

--gamma--
g0.0: 0.0384439672383
g0.1: 0.0773073704067
g0.2: 0.077047307287
g0.3: 0.0773649146226
g0.4: 0.0775252035487
g0.5: 0.0778846929048
g0.6: 0.0781226085352
g0.7: 0.07709963258
g0.8: 0.077572844629
g0.9: 0.0775553391033
g1.0: 0.0779471234497
